StartChar: aring
Encoding: 229 229 109
Width: 374
GlyphClass: 2
Flags: W
HStem: -19 27G<58.3506 87.3508 277.5 316.5> 562 20G<176 189> 588.658 7.21387<163.32 168.351> 741.067 31.5908<147.609 157.79>
VStem: 1 134<301.64 360.766> 1.85059 101<54 179 364.869 406.058> 81.351 52.3057<641.331 719.79> 202.351 34<611.444 675.97> 236 133<19.4483 162.427> 242 92<131.743 343.566>
LayerCount: 2
Fore
Refer: 136 730 N 1 0 0 1 73.351 10.6582 2
Refer: 49 97 N 1 0 0 1 0 0 3
EndChar
